352
   1      1    2    3    1    2    3    1    2    3
   2      3    4    1    3    4    1    3    4    1
   3      2    5    3    2    5    3    2    5    3
   4      6    7    3    6    7    3    6    7    3
   5      3    5    6    3    5    6    3    5    6
   6      8    4    3    8    4    3    8    4    3
   7      3    7    8    3    7    8    3    7    8
   8      9   10   11    9   10   11    9   10   11
   9     11   12    9   11   12    9   11   12    9
  10     13   14   11   13   14   11   13   14   11
  11     11   10   13   11   10   13   11   10   13
  12     15   16   11   15   16   11   15   16   11
  13     11   14   15   11   14   15   11   14   15
  14     16   17   12   16   17   12   16   17   12
  15     12   11   16   12   11   16   12   11   16
  16     15   14   18   15   14   18   15   14   18
  17     13   19   14   13   19   14   13   19   14
  18     20   18   14   20   18   14   20   18   14
  19     14   19   20   14   19   20   14   19   20
  20     21   22   23   21   22   23   21   22   23
  21     23   24   21   23   24   21   23   24   21
  22     25   26   23   25   26   23   25   26   23
  23     23   22   25   23   22   25   23   22   25
  24     27   28   23   27   28   23   27   28   23
  25     23   26   27   23   26   27   23   26   27
  26     29   24   23   29   24   23   29   24   23
  27     23   28   29   23   28   29   23   28   29
  28     30   31   32   30   31   32   30   31   32
  29     33   32   31   33   32   31   33   32   31
  30     34   35   36   34   35   36   34   35   36
  31     36   37   34   36   37   34   36   37   34
  32     38   39   36   38   39   36   38   39   36
  33     36   35   38   36   35   38   36   35   38
  34      1    4   36    1    4   36    1    4   36
  35     36   39    1   36   39    1   36   39    1
  36      8   37   36    8   37   36    8   37   36
  37     36    4    8   36    4    8   36    4    8
  38     29   40   41   29   40   41   29   40   41
  39     41   24   29   41   24   29   41   24   29
  40     38   35   41   38   35   41   38   35   41
  41     41   40   38   41   40   38   41   40   38
  42     34   42   41   34   42   41   34   42   41
  43     41   35   34   41   35   34   41   35   34
  44     21   24   41   21   24   41   21   24   41
  45     41   42   21   41   42   21   41   42   21
  46     20   43   44   20   43   44   20   43   44
  47     44   45   20   44   45   20   44   45   20
  48     46   47   44   46   47   44   46   47   44
  49     44   43   46   44   43   46   44   43   46
  50     48   49   44   48   49   44   48   49   44
  51     44   47   48   44   47   48   44   47   48
  52     50   45   44   50   45   44   50   45   44
  53     44   49   50   44   49   50   44   49   50
  54     46   51   52   46   51   52   46   51   52
  55     52   47   46   52   47   46   52   47   46
  56     53   54   52   53   54   52   53   54   52
  57     52   51   53   52   51   53   52   51   53
  58     55   56   52   55   56   52   55   56   52
  59     52   54   55   52   54   55   52   54   55
  60     48   47   52   48   47   52   48   47   52
  61     52   56   48   52   56   48   52   56   48
  62      9   57   58    9   57   58    9   57   58
  63     58   10    9   58   10    9   58   10    9
  64     59   60   58   59   60   58   59   60   58
  65     58   57   59   58   57   59   58   57   59
  66     61   62   58   61   62   58   61   62   58
  67     58   60   61   58   60   61   58   60   61
  68     13   10   58   13   10   58   13   10   58
  69     58   62   13   58   62   13   58   62   13
  70     63   64   65   63   64   65   63   64   65
  71     65   66   63   65   66   63   65   66   63
  72     67   68   65   67   68   65   67   68   65
  73     65   64   67   65   64   67   65   64   67
  74     61   60   65   61   60   65   61   60   65
  75     65   68   61   65   68   61   65   68   61
  76     59   66   65   59   66   65   59   66   65
  77     65   60   59   65   60   59   65   60   59
  78     53   51   69   53   51   69   53   51   69
  79     69   70   53   69   70   53   69   70   53
  80     46   71   69   46   71   69   46   71   69
  81     69   51   46   69   51   46   69   51   46
  82     61   68   69   61   68   69   61   68   69
  83     69   71   61   69   71   61   69   71   61
  84     67   70   69   67   70   69   67   70   69
  85     69   68   67   69   68   67   69   68   67
  86     20   19   72   20   19   72   20   19   72
  87     72   43   20   72   43   20   72   43   20
  88     13   62   72   13   62   72   13   62   72
  89     72   19   13   72   19   13   72   19   13
  90     61   71   72   61   71   72   61   71   72
  91     72   62   61   72   62   61   72   62   61
  92     46   43   72   46   43   72   46   43   72
  93     72   71   46   72   71   46   72   71   46
  94     15   18   73   15   18   73   15   18   73
  95     20   45   73   20   45   73   20   45   73
  96     73   18   20   73   18   20   73   18   20
  97     50   73   45   50   73   45   50   73   45
  98     53   70   74   53   70   74   53   70   74
  99     74   75   53   74   75   53   74   75   53
 100     67   76   74   67   76   74   67   76   74
 101     74   70   67   74   70   67   74   70   67
 102     34   37   74   34   37   74   34   37   74
 103     74   76   34   74   76   34   74   76   34
 104      8   75   74    8   75   74    8   75   74
 105     74   37    8   74   37    8   74   37    8
 106     63   77   78   63   77   78   63   77   78
 107     78   64   63   78   64   63   78   64   63
 108     21   42   78   21   42   78   21   42   78
 109     78   77   21   78   77   21   78   77   21
 110     34   76   78   34   76   78   34   76   78
 111     78   42   34   78   42   34   78   42   34
 112     67   64   78   67   64   78   67   64   78
 113     78   76   67   78   76   67   78   76   67
 114      9   12   79    9   12   79    9   12   79
 115     79   80    9   79   80    9   79   80    9
 116     12   17   81   12   17   81   12   17   81
 117     81   79   12   81   79   12   81   79   12
 118     81   82   83   81   82   83   81   82   83
 119     83   79   81   83   79   81   83   79   81
 120     84   80   79   84   80   79   84   80   79
 121     79   83   84   79   83   84   79   83   84
 122     63   85   86   63   85   86   63   85   86
 123     86   77   63   86   77   63   86   77   63
 124     87   88   86   87   88   86   87   88   86
 125     86   85   87   86   85   87   86   85   87
 126     25   22   86   25   22   86   25   22   86
 127     86   88   25   86   88   25   86   88   25
 128     21   77   86   21   77   86   21   77   86
 129     86   22   21   86   22   21   86   22   21
 130     63   66   89   63   66   89   63   66   89
 131     89   85   63   89   85   63   89   85   63
 132     59   90   89   59   90   89   59   90   89
 133     89   66   59   89   66   59   89   66   59
 134     91   92   89   91   92   89   91   92   89
 135     89   90   91   89   90   91   89   90   91
 136     87   85   89   87   85   89   87   85   89
 137     89   92   87   89   92   87   89   92   87
 138      9   80   93    9   80   93    9   80   93
 139     93   57    9   93   57    9   93   57    9
 140     84   94   93   84   94   93   84   94   93
 141     93   80   84   93   80   84   93   80   84
 142     91   90   93   91   90   93   91   90   93
 143     93   94   91   93   94   91   93   94   91
 144     59   57   93   59   57   93   59   57   93
 145     93   90   59   93   90   59   93   90   59
 146     32   95   30   32   95   30   32   95   30
 147     96   97   98   96   97   98   96   97   98
 148     98   99   96   98   99   96   98   99   96
 149     33   97   96   33   97   96   33   97   96
 150     96   32   33   96   32   33   96   32   33
 151     99   98  100   99   98  100   99   98  100
 152    100  101   99  100  101   99  100  101   99
 153    102  101  100  102  101  100  102  101  100
 154    100  103  102  100  103  102  100  103  102
 155     53   75  104   53   75  104   53   75  104
 156    104   54   53  104   54   53  104   54   53
 157      8    7  104    8    7  104    8    7  104
 158    104   75    8  104   75    8  104   75    8
 159      6  105  104    6  105  104    6  105  104
 160    104    7    6  104    7    6  104    7    6
 161     55   54  104   55   54  104   55   54  104
 162    104  105   55  104  105   55  104  105   55
 163    106  107  108  106  107  108  106  107  108
 164    108  109  106  108  109  106  108  109  106
 165    109  108  110  109  108  110  109  108  110
 166    111  110  108  111  110  108  111  110  108
 167    108  112  111  108  112  111  108  112  111
 168    113  112  108  113  112  108  113  112  108
 169    108  107  113  108  107  113  108  107  113
 170    114  115  116  114  115  116  114  115  116
 171    116  117  114  116  117  114  116  117  114
 172    118  117  116  118  117  116  118  117  116
 173    116  119  118  116  119  118  116  119  118
 174    120  119  116  120  119  116  120  119  116
 175    116  121  120  116  121  120  116  121  120
 176    121  116  115  121  116  115  121  116  115
 177    115  122  121  115  122  121  115  122  121
 178    120  123  119  120  123  119  120  123  119
 179    118  119  124  118  119  124  118  119  124
 180    125  124  119  125  124  119  125  124  119
 181    119  123  125  119  123  125  119  123  125
 182    126  127  128  126  127  128  126  127  128
 183    128  129  126  128  129  126  128  129  126
 184     25  129  128   25  129  128   25  129  128
 185    128   26   25  128   26   25  128   26   25
 186     27   26  128   27   26  128   27   26  128
 187    128  130   27  128  130   27  128  130   27
 188    131  130  128  131  130  128  131  130  128
 189    128  127  131  128  127  131  128  127  131
 190    132  133  134  132  133  134  132  133  134
 191    135  134  133  135  134  133  135  134  133
 192    136  137  138  136  137  138  136  137  138
 193    138  139  136  138  139  136  138  139  136
 194    140  139  138  140  139  138  140  139  138
 195    138  141  140  138  141  140  138  141  140
 196    106  141  138  106  141  138  106  141  138
 197    138  107  106  138  107  106  138  107  106
 198    113  107  138  113  107  138  113  107  138
 199    138  137  113  138  137  113  138  137  113
 200    131  127  142  131  127  142  131  127  142
 201    142  143  131  142  143  131  142  143  131
 202    140  143  142  140  143  142  140  143  142
 203    142  139  140  142  139  140  142  139  140
 204    136  139  142  136  139  142  136  139  142
 205    142  144  136  142  144  136  142  144  136
 206    126  144  142  126  144  142  126  144  142
 207    142  127  126  142  127  126  142  127  126
 208    125  145  146  125  145  146  125  145  146
 209    146  147  125  146  147  125  146  147  125
 210    148  147  146  148  147  146  148  147  146
 211    146  149  148  146  149  148  146  149  148
 212    150  149  146  150  149  146  150  149  146
 213    146  151  150  146  151  150  146  151  150
 214    152  151  146  152  151  146  152  151  146
 215    146  145  152  146  145  152  146  145  152
 216    148  149  153  148  149  153  148  149  153
 217    153  154  148  153  154  148  153  154  148
 218    155  154  153  155  154  153  155  154  153
 219    153  156  155  153  156  155  153  156  155
 220    157  156  153  157  156  153  157  156  153
 221    153  158  157  153  158  157  153  158  157
 222    150  158  153  150  158  153  150  158  153
 223    153  149  150  153  149  150  153  149  150
 224    114  117  159  114  117  159  114  117  159
 225    159  160  114  159  160  114  159  160  114
 226    161  160  159  161  160  159  161  160  159
 227    159  162  161  159  162  161  159  162  161
 228    163  162  159  163  162  159  163  162  159
 229    159  164  163  159  164  163  159  164  163
 230    118  164  159  118  164  159  118  164  159
 231    159  117  118  159  117  118  159  117  118
 232    165  166  167  165  166  167  165  166  167
 233    167  168  165  167  168  165  167  168  165
 234    169  168  167  169  168  167  169  168  167
 235    167  170  169  167  170  169  167  170  169
 236    163  170  167  163  170  167  163  170  167
 237    167  162  163  167  162  163  167  162  163
 238    161  162  167  161  162  167  161  162  167
 239    167  166  161  167  166  161  167  166  161
 240    155  171  172  155  171  172  155  171  172
 241    172  154  155  172  154  155  172  154  155
 242    148  154  172  148  154  172  148  154  172
 243    172  173  148  172  173  148  172  173  148
 244    163  173  172  163  173  172  163  173  172
 245    172  170  163  172  170  163  172  170  163
 246    169  170  172  169  170  172  169  170  172
 247    172  171  169  172  171  169  172  171  169
 248    125  147  174  125  147  174  125  147  174
 249    174  124  125  174  124  125  174  124  125
 250    118  124  174  118  124  174  118  124  174
 251    174  164  118  174  164  118  174  164  118
 252    163  164  174  163  164  174  163  164  174
 253    174  173  163  174  173  163  174  173  163
 254    148  173  174  148  173  174  148  173  174
 255    174  147  148  174  147  148  174  147  148
 256    120  175  123  120  175  123  120  175  123
 257    125  123  175  125  123  175  125  123  175
 258    175  145  125  175  145  125  175  145  125
 259    152  145  175  152  145  175  152  145  175
 260    155  176  177  155  176  177  155  176  177
 261    177  171  155  177  171  155  177  171  155
 262    169  171  177  169  171  177  169  171  177
 263    177  178  169  177  178  169  177  178  169
 264    136  178  177  136  178  177  136  178  177
 265    177  137  136  177  137  136  177  137  136
 266    113  137  177  113  137  177  113  137  177
 267    177  176  113  177  176  113  177  176  113
 268    165  168  179  165  168  179  165  168  179
 269    179  180  165  179  180  165  179  180  165
 270    126  180  179  126  180  179  126  180  179
 271    179  144  126  179  144  126  179  144  126
 272    136  144  179  136  144  179  136  144  179
 273    179  178  136  179  178  136  179  178  136
 274    169  178  179  169  178  179  169  178  179
 275    179  168  169  179  168  169  179  168  169
 276    114  181  182  114  181  182  114  181  182
 277    182  115  114  182  115  114  182  115  114
 278    115  182  183  115  182  183  115  182  183
 279    183  122  115  183  122  115  183  122  115
 280    183  182   83  183  182   83  183  182   83
 281     83   82  183   83   82  183   83   82  183
 282     84   83  182   84   83  182   84   83  182
 283    182  181   84  182  181   84  182  181   84
 284    165  180  184  165  180  184  165  180  184
 285    184  185  165  184  185  165  184  185  165
 286     87  185  184   87  185  184   87  185  184
 287    184   88   87  184   88   87  184   88   87
 288     25   88  184   25   88  184   25   88  184
 289    184  129   25  184  129   25  184  129   25
 290    126  129  184  126  129  184  126  129  184
 291    184  180  126  184  180  126  184  180  126
 292    165  185  186  165  185  186  165  185  186
 293    186  166  165  186  166  165  186  166  165
 294    161  166  186  161  166  186  161  166  186
 295    186  187  161  186  187  161  186  187  161
 296     91  187  186   91  187  186   91  187  186
 297    186   92   91  186   92   91  186   92   91
 298     87   92  186   87   92  186   87   92  186
 299    186  185   87  186  185   87  186  185   87
 300    114  160  188  114  160  188  114  160  188
 301    188  181  114  188  181  114  188  181  114
 302     84  181  188   84  181  188   84  181  188
 303    188   94   84  188   94   84  188   94   84
 304     91   94  188   91   94  188   91   94  188
 305    188  187   91  188  187   91  188  187   91
 306    161  187  188  161  187  188  161  187  188
 307    188  160  161  188  160  161  188  160  161
 308    133  132  189  133  132  189  133  132  189
 309    190  191  192  190  191  192  190  191  192
 310    192  193  190  192  193  190  192  193  190
 311    135  133  190  135  133  190  135  133  190
 312    190  193  135  190  193  135  190  193  135
 313    191  194  195  191  194  195  191  194  195
 314    195  192  191  195  192  191  195  192  191
 315    102  103  195  102  103  195  102  103  195
 316    195  194  102  195  194  102  195  194  102
 317    155  156  196  155  156  196  155  156  196
 318    196  176  155  196  176  155  196  176  155
 319    113  176  196  113  176  196  113  176  196
 320    196  112  113  196  112  113  196  112  113
 321    111  112  196  111  112  196  111  112  196
 322    196  197  111  196  197  111  196  197  111
 323    157  197  196  157  197  196  157  197  196
 324    196  156  157  196  156  157  196  156  157
 325    192  195  130  198  199  200  198  199  200
 326    130  131  192  200  201  198  200  201  198
 327    193  192  131  202  198  201  202  198  201
 328    131  143  193  201  203  202  201  203  202
 329    135  193  143  204  202  203  204  202  203
 330    143  140  135  203  205  204  203  205  204
 331    134  135  140  206  204  205  206  204  205
 332    140  141  134  205  207  206  205  207  206
 333    132  134  141  208  206  207  208  206  207
 334    141  106  132  207  209  208  207  209  208
 335    189  132  106  210  208  209  210  208  209
 336    106  109  189  209  211  210  209  211  210
 337     30   95    2  212  213  214  212  213  214
 338      2    1   30  214  215  212  214  215  212
 339     31   30    1  216  212  215  216  212  215
 340      1   39   31  215  217  216  215  217  216
 341     33   31   39  218  216  217  218  216  217
 342     39   38   33  217  219  218  217  219  218
 343     97   33   38  220  218  219  220  218  219
 344     38   40   97  219  221  220  219  221  220
 345     98   97   40  222  220  221  222  220  221
 346     40   29   98  221  223  222  221  223  222
 347    100   98   29  224  222  223  224  222  223
 348     29   28  100  223  225  224  223  225  224
 349    103  100   28  226  224  225  226  224  225
 350     28   27  103  225  227  226  225  227  226
 351    195  103   27  199  226  227  199  226  227
 352     27  130  195  227  200  199  227  200  199
197
   1   -4.825320 0.507610 -8.863330
   2   -5.490330 -1.986830 -7.646620
   3   -5.335690 -0.861102 -3.088940
   4   -4.900170 0.929342 -3.384990
   5   -5.747320 -2.907560 -2.754680
   6   -5.737550 -3.271110 -0.430922
   7   -5.373930 -0.829674 -0.514391
   8   -4.970520 1.006690 -0.588360
   9   -1.928600 0.532192 16.187300
  10   -2.786970 0.090479 16.187300
  11   -2.538280 -2.249190 20.505301
  12   -1.764290 -1.906410 20.505501
  13   -3.517040 -0.459371 16.187300
  14   -3.220060 -2.755460 20.503300
  15   -3.094750 -4.854270 22.966499
  16   -2.305920 -4.770610 24.261400
  17   -1.579860 -4.708010 25.016300
  18   -3.699840 -3.502200 20.503700
  19   -4.016590 -1.019000 16.187300
  20   -4.416860 -1.851830 16.187300
  21   -2.119610 4.414900 -0.734156
  22   -1.082680 4.738620 -0.746856
  23   -1.062810 4.592970 -4.017220
  24   -2.082910 4.285020 -3.966760
  25   0.000000 4.854270 -0.751198
  26   0.000000 4.702800 -4.034470
  27   0.000000 4.198620 -10.206700
  28   -1.036800 4.089430 -10.172200
  29   -2.035660 3.787060 -10.071300
  30   -4.767570 0.490707 -10.371500
  31   -4.292380 1.674860 -10.693900
  32   -3.652510 -0.243992 -20.856899
  33   -3.712260 2.517570 -10.934800
  34   -3.870470 3.202520 -0.683550
  35   -3.813420 3.115580 -3.765300
  36   -4.416840 2.206760 -3.604640
  37   -4.487500 2.293480 -0.643299
  38   -3.746220 2.648360 -9.668350
  39   -4.338880 1.752380 -9.346940
  40   -2.958640 3.316610 -9.906590
  41   -3.017610 3.800430 -3.884390
  42   -3.065020 3.906260 -0.713448
  43   -4.799070 -0.851270 13.491800
  44   -5.109910 -2.337860 13.569800
  45   -4.665150 -3.065680 16.187300
  46   -4.965820 -0.247764 11.588900
  47   -5.318760 -1.911620 11.705800
  48   -5.603130 -4.414000 11.843100
  49   -5.347100 -4.460160 13.661400
  50   -4.824370 -4.586880 16.187300
  51   -5.048350 0.228760 9.488970
  52   -5.406850 -1.521570 9.567010
  53   -5.064430 0.690678 6.798110
  54   -5.420460 -1.099690 6.817780
  55   -5.706970 -4.027680 6.840590
  56   -5.695120 -4.361000 9.658490
  57   -2.032160 2.023040 13.329300
  58   -2.941900 1.521540 13.364000
  59   -2.086980 2.849760 11.347200
  60   -3.023470 2.320030 11.398700
  61   -3.833380 1.646200 11.456300
  62   -3.725250 0.888447 13.402800
  63   -2.133750 4.078050 6.754780
  64   -3.091160 3.491500 6.764040
  65   -3.071210 2.933730 9.360980
  66   -2.119260 3.501900 9.326340
  67   -3.917530 2.749960 6.774470
  68   -3.895190 2.217350 9.399790
  69   -4.549350 1.395590 9.437850
  70   -4.569370 1.895320 6.784750
  71   -4.475760 0.864425 11.512700
  72   -4.340910 0.161017 13.440700
  73   -3.932430 -4.794910 20.503300
  74   -4.543550 2.150310 3.122100
  75   -5.031880 0.896864 3.122510
  76   -3.907230 3.037560 3.121530
  77   -2.135210 4.321910 3.120480
  78   -3.089320 3.767390 3.120960
  79   -0.903833 -1.679570 20.505600
  80   -0.985481 0.825994 16.187300
  81   -0.805676 -4.708330 25.198999
  82   0.000000 -4.708250 25.221001
  83   0.000000 -1.595470 20.505600
  84   0.000000 0.935895 16.187300
  85   -1.088770 4.467610 6.747990
  86   -1.090310 4.683170 3.120160
  87   0.000000 4.613150 6.745220
  88   0.000000 4.815500 3.120040
  89   -1.081160 3.878860 9.300820
  90   -1.064890 3.199090 11.309200
  91   0.000000 3.328690 11.293600
  92   0.000000 4.019560 9.290350
  93   -1.037350 2.355560 13.303700
  94   0.000000 2.479600 13.293200
  95   -5.246280 -1.151270 -9.946740
  96   -2.538000 0.466870 -23.439800
  97   -2.918820 3.135120 -11.115200
  98   -1.991400 3.575490 -11.242900
  99   -1.504830 0.869774 -24.477900
 100   -1.009350 3.886500 -11.325700
 101   -0.696261 1.078470 -25.050900
 102   0.000000 1.134260 -25.221001
 103   0.000000 4.009680 -11.355900
 104   -5.405840 -0.930623 3.122580
 105   -5.722600 -3.749780 3.122480
 106   4.825320 0.507610 -8.863330
 107   4.900170 0.929342 -3.384990
 108   5.335690 -0.861102 -3.088940
 109   5.490330 -1.986830 -7.646620
 110   5.747320 -2.907560 -2.754690
 111   5.737550 -3.271110 -0.430922
 112   5.373930 -0.829674 -0.514391
 113   4.970520 1.006690 -0.588369
 114   1.928600 0.532192 16.187300
 115   1.764290 -1.906410 20.505501
 116   2.538280 -2.249190 20.505301
 117   2.786970 0.090479 16.187300
 118   3.517040 -0.459371 16.187300
 119   3.220060 -2.755460 20.503300
 120   3.094750 -4.854270 22.966499
 121   2.305920 -4.770610 24.261400
 122   1.579860 -4.708010 25.016300
 123   3.699840 -3.502200 20.503700
 124   4.016590 -1.019000 16.187201
 125   4.416860 -1.851830 16.187300
 126   2.119610 4.414900 -0.734164
 127   2.082910 4.285020 -3.966760
 128   1.062810 4.592970 -4.017210
 129   1.082680 4.738620 -0.746860
 130   1.036800 4.089430 -10.172200
 131   2.035660 3.787060 -10.071300
 132   4.767570 0.490707 -10.371500
 133   3.652510 -0.243992 -20.856899
 134   4.292380 1.674860 -10.693900
 135   3.712260 2.517570 -10.934800
 136   3.870470 3.202520 -0.683559
 137   4.487500 2.293480 -0.643294
 138   4.416840 2.206760 -3.604640
 139   3.813420 3.115580 -3.765300
 140   3.746220 2.648360 -9.668360
 141   4.338880 1.752380 -9.346930
 142   3.017610 3.800430 -3.884390
 143   2.958640 3.316610 -9.906580
 144   3.065020 3.906260 -0.713448
 145   4.665150 -3.065680 16.187201
 146   5.109910 -2.337860 13.569800
 147   4.799070 -0.851270 13.491800
 148   4.965820 -0.247764 11.588900
 149   5.318760 -1.911620 11.705800
 150   5.603130 -4.414000 11.843100
 151   5.347100 -4.460160 13.661300
 152   4.824370 -4.586880 16.187300
 153   5.406850 -1.521570 9.567010
 154   5.048350 0.228760 9.488960
 155   5.064430 0.690678 6.798110
 156   5.420460 -1.099690 6.817780
 157   5.706970 -4.027680 6.840590
 158   5.695120 -4.361000 9.658500
 159   2.941900 1.521540 13.364000
 160   2.032160 2.023040 13.329300
 161   2.086980 2.849760 11.347200
 162   3.023470 2.320030 11.398700
 163   3.833380 1.646200 11.456300
 164   3.725250 0.888447 13.402700
 165   2.133750 4.078050 6.754790
 166   2.119260 3.501900 9.326340
 167   3.071210 2.933730 9.360980
 168   3.091160 3.491500 6.764030
 169   3.917530 2.749960 6.774470
 170   3.895190 2.217350 9.399790
 171   4.569370 1.895320 6.784740
 172   4.549350 1.395590 9.437850
 173   4.475760 0.864425 11.512700
 174   4.340910 0.161017 13.440700
 175   3.932430 -4.794910 20.503300
 176   5.031880 0.896864 3.122500
 177   4.543550 2.150310 3.122110
 178   3.907230 3.037560 3.121530
 179   3.089320 3.767390 3.120960
 180   2.135210 4.321910 3.120480
 181   0.985481 0.825994 16.187300
 182   0.903833 -1.679570 20.505600
 183   0.805676 -4.708330 25.198999
 184   1.090310 4.683170 3.120160
 185   1.088770 4.467610 6.747990
 186   1.081160 3.878860 9.300830
 187   1.064890 3.199090 11.309200
 188   1.037350 2.355560 13.303700
 189   5.246280 -1.151270 -9.946740
 190   2.538000 0.466870 -23.439800
 191   1.504830 0.869774 -24.477900
 192   1.991400 3.575490 -11.242900
 193   2.918820 3.135120 -11.115200
 194   0.696261 1.078470 -25.050900
 195   1.009350 3.886500 -11.325700
 196   5.405840 -0.930623 3.122570
 197   5.722600 -3.749780 3.122480
227
1   -0.955176 0.293994 -0.034727
2   -0.975281 0.219948 -0.021237
3   -0.977687 0.209557 -0.014609
4   -0.956332 0.290328 -0.033744
5   -0.979978 0.198828 0.010491
6   -0.988318 0.152169 0.008499
7   -0.983491 0.180669 -0.010208
8   -0.958401 0.284946 -0.016532
9   -0.328740 0.824948 0.459773
10   -0.480819 0.765166 0.428174
11   -0.493858 0.726532 0.477760
12   -0.303356 0.806408 0.507623
13   -0.616918 0.683527 0.390132
14   -0.699362 0.577484 0.421194
15   -0.750741 0.478010 0.455955
16   -0.547683 0.686235 0.478669
17   -0.340036 0.792575 0.506162
18   -0.877456 0.340511 0.337821
19   -0.784462 0.521564 0.335544
20   -0.910158 0.318106 0.265369
21   -0.392722 0.919601 -0.010174
22   -0.203183 0.979017 -0.015585
23   -0.200621 0.977667 -0.062594
24   -0.379019 0.923455 -0.059803
25   0.000000 0.999859 -0.016791
26   0.000000 0.997965 -0.063759
27   0.000000 0.996657 -0.081701
28   -0.202553 0.975941 -0.080697
29   -0.380486 0.921502 -0.077876
30   -0.947670 0.295242 -0.121467
31   -0.888197 0.438050 -0.138628
32   -0.888520 0.435777 -0.143632
33   -0.754368 0.633912 -0.170544
34   -0.748551 0.663034 -0.007560
35   -0.752839 0.656564 -0.046451
36   -0.891389 0.451453 -0.040195
37   -0.888215 0.459178 -0.015175
38   -0.755224 0.652653 -0.060679
39   -0.893694 0.446162 -0.047438
40   -0.564236 0.822503 -0.071605
41   -0.565292 0.823110 -0.054169
42   -0.569557 0.821937 -0.004877
43   -0.925710 0.312251 0.213447
44   -0.970819 0.161093 0.177647
45   -0.965352 0.148735 0.214415
46   -0.939722 0.309684 0.144977
47   -0.980060 0.166075 0.109095
48   -0.988850 0.113520 0.096383
49   -0.977753 0.116790 0.174238
50   -0.973427 0.107158 0.202380
51   -0.950295 0.300527 0.081378
52   -0.986907 0.154069 0.047715
53   -0.956352 0.290288 0.033515
54   -0.989094 0.146514 0.015088
55   -0.994706 0.102021 0.012281
56   -0.994332 0.101921 0.030261
57   -0.356747 0.841566 0.405584
58   -0.504229 0.776493 0.377904
59   -0.379905 0.865195 0.327278
60   -0.530289 0.793921 0.297461
61   -0.677799 0.688226 0.258715
62   -0.648556 0.681350 0.339318
63   -0.425046 0.895683 0.130718
64   -0.592714 0.796797 0.117489
65   -0.565779 0.796289 0.214053
66   -0.410112 0.878742 0.244175
67   -0.729418 0.677262 0.096258
68   -0.706473 0.684978 0.178047
69   -0.849271 0.511113 0.132297
70   -0.865415 0.496920 0.064239
71   -0.827762 0.522128 0.205408
72   -0.804912 0.521721 0.282710
73   -0.955467 0.159394 0.248348
74   -0.878362 0.477700 0.016817
75   -0.959190 0.282762 -0.000063
76   -0.743220 0.668071 0.036135
77   -0.416223 0.908353 0.040657
78   -0.584640 0.810220 0.041699
79   -0.159189 0.844992 0.510536
80   -0.180219 0.858603 0.479919
81   -0.108535 0.834907 0.539584
82   0.000000 0.834561 0.550915
83   0.000000 0.845803 0.533496
84   0.000001 0.873127 0.487492
85   -0.239576 0.960900 0.138831
86   -0.223581 0.973994 0.036705
87   0.000000 0.989816 0.142349
88   -0.000000 0.999459 0.032882
89   -0.222413 0.937885 0.266279
90   -0.201036 0.914930 0.349982
91   0.000000 0.933910 0.357507
92   -0.000001 0.960881 0.276960
93   -0.190753 0.885436 0.423811
94   0.000004 0.902267 0.431178
95   -0.961025 0.249224 -0.119663
96   -0.600641 0.776755 -0.189423
97   -0.539368 0.819403 -0.194065
98   -0.425218 0.882987 -0.198805
99   -0.401588 0.894609 -0.195964
100   -0.235191 0.950950 -0.200945
101   -0.251515 0.947070 -0.199499
102   0.000000 0.979147 -0.203153
103   0.000000 0.979166 -0.203064
104   -0.987119 0.159963 0.002803
105   -0.993621 0.111645 0.015871
106   0.955176 0.293994 -0.034727
107   0.956332 0.290328 -0.033744
108   0.977687 0.209557 -0.014609
109   0.975280 0.219948 -0.021237
110   0.979978 0.198828 0.010491
111   0.988318 0.152169 0.008499
112   0.983491 0.180669 -0.010208
113   0.958401 0.284946 -0.016532
114   0.328739 0.824948 0.459773
115   0.303356 0.806408 0.507623
116   0.493860 0.726532 0.477760
117   0.480819 0.765166 0.428174
118   0.616920 0.683526 0.390131
119   0.699363 0.577484 0.421194
120   0.750741 0.478010 0.455955
121   0.547684 0.686235 0.478669
122   0.340034 0.792576 0.506163
123   0.877455 0.340512 0.337822
124   0.784463 0.521564 0.335544
125   0.910158 0.318107 0.265369
126   0.392722 0.919601 -0.010174
127   0.379018 0.923455 -0.059803
128   0.200621 0.977667 -0.062594
129   0.203183 0.979017 -0.015585
130   0.202553 0.975941 -0.080697
131   0.380486 0.921502 -0.077876
132   0.947670 0.295242 -0.121467
133   0.888520 0.435777 -0.143632
134   0.888197 0.438050 -0.138628
135   0.754367 0.633912 -0.170544
136   0.748551 0.663034 -0.007560
137   0.888215 0.459178 -0.015175
138   0.891389 0.451453 -0.040195
139   0.752839 0.656564 -0.046451
140   0.755224 0.652653 -0.060679
141   0.893694 0.446162 -0.047438
142   0.565292 0.823110 -0.054169
143   0.564236 0.822503 -0.071605
144   0.569557 0.821937 -0.004877
145   0.965352 0.148735 0.214415
146   0.970820 0.161092 0.177647
147   0.925709 0.312253 0.213448
148   0.939722 0.309685 0.144977
149   0.980060 0.166075 0.109095
150   0.988850 0.113520 0.096383
151   0.977753 0.116790 0.174238
152   0.973427 0.107158 0.202380
153   0.986907 0.154069 0.047715
154   0.950295 0.300527 0.081378
155   0.956352 0.290288 0.033515
156   0.989094 0.146514 0.015088
157   0.994706 0.102021 0.012281
158   0.994332 0.101921 0.030261
159   0.504231 0.776492 0.377904
160   0.356743 0.841567 0.405585
161   0.379904 0.865195 0.327278
162   0.530290 0.793921 0.297460
163   0.677799 0.688226 0.258715
164   0.648558 0.681349 0.339318
165   0.425046 0.895683 0.130718
166   0.410113 0.878741 0.244174
167   0.565779 0.796288 0.214053
168   0.592714 0.796798 0.117489
169   0.729418 0.677262 0.096258
170   0.706473 0.684978 0.178048
171   0.865415 0.496920 0.064239
172   0.849271 0.511113 0.132297
173   0.827761 0.522128 0.205409
174   0.804910 0.521722 0.282711
175   0.955467 0.159395 0.248348
176   0.959190 0.282762 -0.000063
177   0.878362 0.477700 0.016817
178   0.743219 0.668071 0.036135
179   0.584640 0.810220 0.041699
180   0.416223 0.908353 0.040657
181   0.180219 0.858604 0.479917
182   0.159188 0.844993 0.510536
183   0.108533 0.834907 0.539584
184   0.223581 0.973994 0.036705
185   0.239576 0.960900 0.138830
186   0.222413 0.937885 0.266279
187   0.201035 0.914930 0.349984
188   0.190753 0.885436 0.423812
189   0.961025 0.249224 -0.119663
190   0.600641 0.776755 -0.189423
191   0.401588 0.894609 -0.195964
192   0.425218 0.882987 -0.198805
193   0.539368 0.819403 -0.194064
194   0.251515 0.947070 -0.199499
195   0.235190 0.950950 -0.200944
196   0.987119 0.159963 0.002803
197   0.993621 0.111645 0.015871
198   0.352214 0.919149 -0.176382
199   0.182055 0.968489 -0.169956
200   0.241458 0.954227 -0.176492
201   0.405770 0.898412 -0.167951
202   0.515573 0.843028 -0.153257
203   0.589064 0.798170 -0.126204
204   0.713022 0.693369 -0.104112
205   0.784530 0.615101 -0.078511
206   0.872712 0.483989 -0.064257
207   0.907443 0.417059 -0.051076
208   0.944015 0.326930 -0.044199
209   0.956146 0.291329 -0.030202
210   0.964890 0.261424 -0.025378
211   0.967504 0.252621 -0.010883
212   -0.955301 0.294433 -0.026627
213   -0.960046 0.279842 -0.000204
214   -0.965500 0.259633 -0.020025
215   -0.947582 0.316468 -0.044004
216   -0.904521 0.423353 -0.051132
217   -0.875219 0.479505 -0.063762
218   -0.775115 0.626845 -0.079136
219   -0.718715 0.687592 -0.103276
220   -0.580714 0.804232 -0.126419
221   -0.529394 0.834583 -0.152360
222   -0.408924 0.897024 -0.167717
223   -0.362555 0.915175 -0.176091
224   -0.246446 0.952963 -0.176425
225   -0.178851 0.969060 -0.170100
226   -0.036503 0.985319 -0.166776
227   0.041737 0.985137 -0.166625
227
1   0.248186 0.560459
2   0.146112 0.544024
3   0.178431 0.472436
4   0.247946 0.476900
5   0.099457 0.467792
6   0.085263 0.429260
7   0.178310 0.431706
8   0.248982 0.434019
9   0.412618 0.181608
10   0.375348 0.180077
11   0.382066 0.106684
12   0.416198 0.107470
13   0.340421 0.177930
14   0.347760 0.105310
15   0.322897 0.058118
16   0.363809 0.039267
17   0.402088 0.027869
18   0.314164 0.101967
19   0.312102 0.175608
20   0.278577 0.171539
21   0.419051 0.439180
22   0.458010 0.439666
23   0.458241 0.487689
24   0.418715 0.486743
25   0.496753 0.439756
26   0.497147 0.488011
27   0.497802 0.580330
28   0.458965 0.579765
29   0.420675 0.578100
30   0.254458 0.584099
31   0.303395 0.587282
32   0.311506 0.743412
33   0.342746 0.590174
34   0.341188 0.437289
35   0.340434 0.483042
36   0.299433 0.480336
37   0.300347 0.435838
38   0.342781 0.571608
39   0.300899 0.567007
40   0.382110 0.575337
41   0.379666 0.485180
42   0.380372 0.438362
43   0.266437 0.215534
44   0.214095 0.207120
45   0.235284 0.164704
46   0.262479 0.246259
47   0.203007 0.237870
48   0.113624 0.225284
49   0.140380 0.194414
50   0.183301 0.154857
51   0.258672 0.279363
52   0.194805 0.272727
53   0.256821 0.321209
54   0.190381 0.316885
55   0.081214 0.309989
56   0.090755 0.262268
57   0.413677 0.229189
58   0.375688 0.226945
59   0.414849 0.260336
60   0.376864 0.257949
61   0.339905 0.254947
62   0.339220 0.224066
63   0.418455 0.329184
64   0.379516 0.327845
65   0.377830 0.288959
66   0.416497 0.290963
67   0.340818 0.326113
68   0.339793 0.286450
69   0.303261 0.283597
70   0.303220 0.324089
71   0.304676 0.251504
72   0.305211 0.220712
73   0.268253 0.093679
74   0.298493 0.379217
75   0.249672 0.377349
76   0.337356 0.380625
77   0.416977 0.382515
78   0.376731 0.381695
79   0.452193 0.107974
80   0.451132 0.182583
81   0.441565 0.024106
82   0.484172 0.023101
83   0.488522 0.108042
84   0.490019 0.182868
85   0.457103 0.329999
86   0.457134 0.382971
87   0.494918 0.330148
88   0.496635 0.383031
89   0.455078 0.292296
90   0.453118 0.261926
91   0.491573 0.262362
92   0.493147 0.292580
93   0.452329 0.230659
94   0.491069 0.231131
95   0.188522 0.580903
96   0.377242 0.782713
97   0.380698 0.593047
98   0.419655 0.595407
99   0.429858 0.798674
100   0.459014 0.596783
101   0.471719 0.807487
102   0.507892 0.810095
103   0.498185 0.597169
104   0.180716 0.374760
105   0.074395 0.371049
106   0.748674 0.558608
107   0.745753 0.475084
108   0.815181 0.470129
109   0.850104 0.541451
110   0.893949 0.464981
111   0.906817 0.426361
112   0.813874 0.429375
113   0.743441 0.432198
114   0.567358 0.180944
115   0.560630 0.106817
116   0.594435 0.105750
117   0.604591 0.179108
118   0.639427 0.176677
119   0.628179 0.104103
120   0.651244 0.056777
121   0.607070 0.037974
122   0.567083 0.027002
123   0.661815 0.100536
124   0.667650 0.174130
125   0.700895 0.169824
126   0.573971 0.438655
127   0.574188 0.486246
128   0.535298 0.487515
129   0.535304 0.439409
130   0.537449 0.579594
131   0.576510 0.577615
132   0.743620 0.582246
133   0.696872 0.741997
134   0.694711 0.585868
135   0.655327 0.589124
136   0.652058 0.436182
137   0.692419 0.434406
138   0.694218 0.478925
139   0.652994 0.481974
140   0.654260 0.570553
141   0.696110 0.565586
142   0.613486 0.484409
143   0.615011 0.574628
144   0.612866 0.437601
145   0.743881 0.162659
146   0.767290 0.204901
147   0.715354 0.213723
148   0.720952 0.244425
149   0.780011 0.235576
150   0.868745 0.222276
151   0.840343 0.191604
152   0.795372 0.152399
153   0.790082 0.270395
154   0.726572 0.277516
155   0.730676 0.319377
156   0.796806 0.314561
157   0.905594 0.306839
158   0.893577 0.259115
159   0.606495 0.225974
160   0.568513 0.228525
161   0.568847 0.259645
162   0.606924 0.256971
163   0.643858 0.253691
164   0.642900 0.222808
165   0.570375 0.328538
166   0.569526 0.290266
167   0.608027 0.287982
168   0.608930 0.326915
169   0.647273 0.324897
170   0.645881 0.285197
171   0.684569 0.322599
172   0.682228 0.282081
173   0.678981 0.249988
174   0.676803 0.219195
175   0.707358 0.091916
176   0.740524 0.375497
177   0.692017 0.377725
178   0.653493 0.379424
179   0.615011 0.380847
180   0.575851 0.381917
181   0.528894 0.182244
182   0.524747 0.107635
183   0.527056 0.023656
184   0.536095 0.382682
185   0.532323 0.329661
186   0.531119 0.291873
187   0.530251 0.261529
188   0.529830 0.230319
189   0.809443 0.578479
190   0.635649 0.781822
191   0.584982 0.798196
192   0.577199 0.594925
193   0.616703 0.592335
194   0.544039 0.807297
195   0.537453 0.596559
196   0.809211 0.372416
197   0.915331 0.367955
198   0.600328 0.987349
199   0.552026 0.989555
200   0.551371 0.961812
201   0.597754 0.959187
202   0.644953 0.983035
203   0.639797 0.954238
204   0.683674 0.977045
205   0.677879 0.947058
206   0.719464 0.969987
207   0.715507 0.938089
208   0.765596 0.961392
209   0.764948 0.925650
210   0.834216 0.951329
211   0.870923 0.896891
212   0.239830 0.961398
213   0.171230 0.951317
214   0.134479 0.896904
215   0.240466 0.925650
216   0.285967 0.969985
217   0.289906 0.938089
218   0.321763 0.977035
219   0.327533 0.947055
220   0.360471 0.983039
221   0.365620 0.954236
222   0.405093 0.987357
223   0.407664 0.959190
224   0.453398 0.989554
225   0.454048 0.961812
226   0.502712 0.990304
227   0.502710 0.962725
